0.7515654082095944 0.6666666666666666
0.711908626362022 0.6487889273356401
0.4822533476947706 0.583976833976834
0.4080643993473365 0.5709459459459459
0.7608678685705089 0.6729166666666667
0.8517371252480834 0.738255033557047
0.8828150842621647 0.7330508474576272
0.3658098768262692 0.5850393700787402
0.8924229780581353 0.7407407407407407
0.05797141299005404 0.5922587486744433
0.920267984266428 0.7125
0.0637178691783169 0.5880469583778015
0.33187950049313364 0.6195814648729447
0.15080380752509293 0.6576470588235294
0.16690318885420907 0.64568345323741
0.7805334384296182 0.6863636363636364
0.11045136842348668 0.6106741573033708
0.9349405894567846 0.7121212121212122
0.3310034995765646 0.6195814648729447
0.17360417024962116 0.6426844014510278
0.1929250745245168 0.6231435643564357
0.08482056404967075 0.584061135371179
0.3343795600104913 0.5983483483483484
0.4213980626191789 0.575993091537133
0.4722575410679384 0.5672348484848485
0.8390778233241679 0.6863354037267081
0.7434310022216108 0.6498054474708171
0.17413423323502808 0.6404358353510896
0.8513362429947072 0.6912751677852349
0.018533099471621073 0.5931771894093686
