0.0645971402770461 0.5838675213675214
0.7289964740069079 0.6727941176470589
0.30249067010889574 0.6511461318051576
0.22239052560831218 0.6047557840616966
0.2731495377929878 0.68707015130674
0.34896655526066056 0.6242331288343558
0.42980369567720855 0.6217162872154116
0.40551709345060527 0.5882352941176471
0.48923568351294233 0.6076320939334638
0.5339334050952187 0.5995717344753747
0.9737007374017237 0.7592592592592593
0.33043572738433147 0.6343283582089553
0.4627855010213623 0.5771375464684015
0.6926533266313909 0.650974025974026
0.6937989861461078 0.6530944625407166
0.3863833799301357 0.5863192182410424
0.6960142260396985 0.6480263157894737
0.1927196702952012 0.6417079207920792
0.9937154728484568 0.8571428571428571
0.8474678108959626 0.7026143790849673
0.3896561697856268 0.5891980360065466
0.2881331216266019 0.6685393258426966
0.491779770945044 0.5884086444007859
0.1289699159213742 0.6244266055045872
0.3534447926341857 0.5996908809891809
0.9657683939755306 0.7
0.22599805042992382 0.6090322580645161
0.6157396516764875 0.5818181818181818
0.5208711263433475 0.565625
0.9145196172261667 0.6918604651162791
0.6778403201876763 0.6547987616099071
0.027977493322078106 0.6428571428571429
